                  
          1     5 
    1   2         
      5   7       
    4       1     
  9               
5             7 1 
    2   1         
        4       9 

2 6 7 3 5 8 9 1 4 
3 8 9 4 7 1 2 6 5 
4 5 1 6 2 9 7 3 8 
1 2 8 5 3 7 4 9 6 
6 3 4 9 8 2 1 5 7 
7 9 5 1 6 4 3 8 2 
5 4 3 2 9 6 8 7 1 
9 7 2 8 1 5 6 4 3 
8 1 6 7 4 3 5 2 9 

                  
          1     5 
    1   2         
      5   7       
    4       1     
  9               
5             7 1 
    2   1         
        4       9 

2 6 7 3 5 8 9 1 4 
3 8 9 4 7 1 2 6 5 
4 5 1 6 2 9 7 3 8 
1 2 8 5 3 7 4 9 6 
6 3 4 9 8 2 1 5 7 
7 9 5 1 6 4 3 8 2 
5 4 3 2 9 6 8 7 1 
9 7 2 8 1 5 6 4 3 
8 1 6 7 4 3 5 2 9 

